20130701	3.2488348E7,5525022.0
20130702	2.903739E7,2554548.0
20130703	2.727077E7,5953867.0
20130704	1.8321185E7,6410729.0
20130705	1.1648749E7,2763587.0
20130706	3.6751272E7,1616635.0
20130707	8962232.0,3982735.0
20130708	5.7258266E7,8347729.0
20130709	2.6798941E7,3473059.0
20130710	3.0696506E7,2597169.0
20130711	4.4075197E7,3508800.0
20130712	3.4183904E7,8492573.0
20130713	1.5164717E7,3482829.0
20130714	2.2615303E7,2784107.0
20130715	4.8128555E7,1.3107943E7
20130716	5.0622847E7,1.1864981E7
20130717	2.9015682E7,1.0911513E7
20130718	2.4234505E7,1.1765356E7
20130719	3.3680124E7,9244769.0
20130720	2.0439079E7,4601143.0
20130721	2.1142394E7,2681331.0
20130722	4.0448896E7,1.9144267E7
20130723	5.8136147E7,2.4404051E7
20130724	4.8422518E7,3.6258592E7
20130725	5.7433418E7,3.8212836E7
20130726	4.4721817E7,3.9192369E7
20130727	1.7194451E7,1.5058893E7
20130728	3.6255382E7,7683211.0
20130729	5.3512076E7,1.8599364E7
20130730	4.7481243E7,1.3048582E7
20130731	5.4569637E7,9534040.0
20130801	5.3369962E7,1.8864468E7
20130802	3.8064536E7,4.0150769E7
20130803	2.1595789E7,2.0701797E7
20130804	4.5745254E7,8263965.0
20130805	4.3632203E7,1.5797507E7
20130806	5.0866184E7,1.6401387E7
20130807	4.3908081E7,2.9708706E7
20130808	4.449349E7,2.9551691E7
20130809	3.3425186E7,3.0131015E7
20130810	2.0615307E7,2.6614408E7
20130811	5.5519543E7,1.537268E7
20130812	9.4520502E7,2.8586669E7
20130813	4.8720919E7,2.8790328E7
20130814	3.0541167E7,1.5031683E7
20130815	4.2421222E7,5.2659327E7
20130816	4.1683536E7,3.3739844E7
20130817	1.7670519E7,4674983.0
20130818	5.9703092E7,1.52183E7
20130819	1.09184209E8,2.833926E7
20130820	5.3675509E7,3.0131225E7
20130821	3.8184446E7,2.9983342E7
20130822	8.9130737E7,2.5000672E7
20130823	3.7878575E7,2.5680323E7
20130824	4.4367268E7,1.4316598E7
20130825	4.3306288E7,1.8117808E7
20130826	7.4496541E7,2.0637986E7
20130827	4.5268028E7,6.0137633E7
20130828	4.6602319E7,3.3696861E7
20130829	4.7518666E7,3.5944968E7
20130830	5.6488844E7,2.0630752E7
20130831	4.7655303E7,2.2012016E7
20130901	5.6239802E7,5.9339949E7
20130902	1.40844739E8,1.7785524E7
20130903	8.050788E7,3.9328144E7
20130904	3.3366708E7,2.74526E7
20130905	3.8716505E7,2.1800904E7
20130906	3.8923186E7,3.3417903E7
20130907	3.4076183E7,2.0344424E7
20130908	3.8796909E7,1.4919122E7
20130909	4.9312473E7,4.5621186E7
20130910	9.4684143E7,3.7128363E7
20130911	9.8944459E7,7.1674082E7
20130912	6.8573684E7,4.514722E7
20130913	7.1655946E7,6.0512675E7
20130914	3.0975443E7,3.631266E7
20130915	3.7059683E7,2.5020715E7
20130916	1.6165621E8,4.5184589E7
20130917	7.6204815E7,5.8260798E7
20130918	4.2926608E7,4.7203221E7
20130919	2.4778048E7,1.1418512E7
20130920	2.8365762E7,1.5188254E7
20130921	3.240634E7,2.6596179E7
20130922	6.7514169E7,4.7962055E7
20130923	5.465816E7,5.8285879E7
20130924	7.4250859E7,5.6680792E7
20130925	4.7274168E7,7.4838162E7
20130926	6.8718693E7,4.8467529E7
20130927	4.2166121E7,2.7639603E7
20130928	3.9995798E7,5.810572E7
20130929	3.4433848E7,4.0295202E7
20130930	2.839805E7,3.0181353E7
20131001	1.9137499E7,1.2813267E7
20131002	1.1562708E7,7233874.0
20131003	1.0101194E7,6223263.0
20131004	1.9907689E7,2.341235E7
20131005	2.6364686E7,1.3966453E7
20131006	3.8730653E7,1.3464528E7
20131007	4.2797733E7,2.88944E7
20131008	1.09806912E8,7.7856096E7
20131009	7.2422299E7,3.3999376E7
20131010	7.2094613E7,5.2244531E7
20131011	8.2674757E7,2.7666473E7
20131012	8.1901136E7,3.1322983E7
20131013	7.1149981E7,3.1850475E7
20131014	1.303153E8,4.0652625E7
20131015	8.5704304E7,3.5099198E7
20131016	1.00948091E8,5.1261982E7
20131017	8.7203217E7,2.3274764E7
20131018	9.815145E7,1.5938355E7
20131019	5.3148443E7,2.6684697E7
20131020	4.7766681E7,5.0884342E7
20131021	1.0603029E8,4.5781403E7
20131022	1.45611496E8,9.6172537E7
20131023	1.06093112E8,7.3788462E7
20131024	6.953083E7,5.8183921E7
20131025	6.9936453E7,5.2225802E7
20131026	5.5752506E7,4.9357211E7
20131027	6.8007543E7,4.652057E7
20131028	1.29993375E8,5.5089464E7
20131029	1.02050144E8,4.3052468E7
20131030	1.0966326E8,6.3908701E7
20131031	9.0926701E7,5.5607833E7
20131101	1.50904945E8,6.6933119E7
20131102	6.21323E7,2.6705506E7
20131103	6.870787E7,3.0895754E7
20131104	3.00027403E8,1.30970051E8
20131105	1.80904814E8,8.2689864E7
20131106	1.8147491E8,1.3170782E8
20131107	1.67963464E8,8.3306452E7
20131108	2.31749471E8,9.2856307E7
20131109	1.26467028E8,4.5885771E7
20131110	1.64813471E8,8.5293644E7
20131111	1.47986439E8,2.27124951E8
20131112	1.48469647E8,1.31263524E8
20131113	1.74554976E8,7.912144E7
20131114	1.67996058E8,5.255415E7
20131115	1.24270704E8,5.8210254E7
20131116	1.18085705E8,2.8996272E7
20131117	1.11786622E8,4.2358155E7
20131118	1.95766477E8,1.36916782E8
20131119	1.31365419E8,7.0308235E7
20131120	1.66163002E8,8.6951218E7
20131121	2.21166938E8,7.4733962E7
20131122	1.28528687E8,8.2717921E7
20131123	8.9109018E7,4.8882131E7
20131124	1.02394991E8,8.5555947E7
20131125	1.47143602E8,7.0113127E7
20131126	2.58037702E8,6.5802983E7
20131127	1.34774128E8,8.6129498E7
20131128	1.39760425E8,6.1453591E7
20131129	1.22536344E8,1.23982166E8
20131130	1.16865492E8,1.19660311E8
20131201	1.37889992E8,9.4632233E7
20131202	3.45313258E8,1.28465086E8
20131203	2.68666856E8,1.01662045E8
20131204	2.19456372E8,6.9981329E7
20131205	1.90825287E8,1.18256819E8
20131206	1.52197159E8,8.2625571E7
20131207	1.38882605E8,7.1916047E7
20131208	1.24886903E8,7.6314292E7
20131209	1.74652812E8,1.33355299E8
20131210	1.79471612E8,1.47147341E8
20131211	2.39916977E8,1.10314592E8
20131212	1.40360007E8,9.2090275E7
20131213	1.6467269E8,9.0778214E7
20131214	1.29045596E8,5.2234651E7
20131215	2.05882387E8,5.4757146E7
20131216	1.96489931E8,1.56157326E8
20131217	1.93980797E8,1.16537843E8
20131218	1.80215804E8,2.02220872E8
20131219	2.33631357E8,1.64023344E8
20131220	1.338674E8,1.53678963E8
20131221	1.12000779E8,8.3151594E7
20131222	1.54543217E8,8.3998249E7
20131223	1.98747367E8,1.38478245E8
20131224	3.05406334E8,1.18607911E8
20131225	3.80076148E8,1.7275548E8
20131226	2.20287409E8,2.41852564E8
20131227	2.11118967E8,1.63522548E8
20131228	1.92808006E8,6.138322E7
20131229	1.61473347E8,5.5129989E7
20131230	2.86358778E8,1.79826624E8
20131231	2.65851934E8,1.3423253E8
20140101	3.30926565E8,7.7367755E7
20140102	4.34956739E8,1.9015545E8
20140103	3.42074805E8,1.27714255E8
20140104	1.8608591E8,9.9869074E7
20140105	2.06030707E8,1.56781996E8
20140106	4.42494042E8,1.90917629E8
20140107	5.89726496E8,1.37972793E8
20140108	2.6402516E8,2.13880074E8
20140109	2.80698487E8,1.40391237E8
20140110	2.37797636E8,1.17259153E8
20140111	2.43403438E8,7.1530182E7
20140112	2.28255344E8,1.41505812E8
20140113	4.4720705E8,1.78923772E8
20140114	3.56907128E8,1.59778389E8
20140115	3.91408718E8,1.77618247E8
20140116	3.74947083E8,1.53167426E8
20140117	3.45426853E8,1.2738521E8
20140118	2.33200688E8,1.42869842E8
20140119	1.85082022E8,1.17629351E8
20140120	3.35761027E8,4.42996084E8
20140121	4.12854611E8,3.02825136E8
20140122	4.98730606E8,2.92856188E8
20140123	4.81450097E8,2.09024328E8
20140124	6.14103894E8,3.45829001E8
20140125	4.40854623E8,1.85524856E8
20140126	5.2840252E8,3.31752519E8
20140127	6.57199484E8,2.80645861E8
20140128	8.43424742E8,2.48334316E8
20140129	9.52479658E8,2.15164666E8
20140130	2.27916211E8,1.05288105E8
20140131	8.7324175E7,4.8132389E7
20140201	6.4287172E7,6.152706E7
20140202	5.7912761E7,2.439572E7
20140203	8.4329848E7,4.6109194E7
20140204	8.3653646E7,4.4927333E7
20140205	2.0904399E8,9.5407704E7
20140206	2.27860276E8,1.11635336E8
20140207	5.78818221E8,2.73482213E8
20140208	3.58255468E8,1.83432237E8
20140209	3.41911234E8,2.62954049E8
20140210	6.4746514E8,4.31753411E8
20140211	8.18803205E8,2.43058162E8
20140212	7.6300977E8,3.54585919E8
20140213	6.26698794E8,3.62757986E8
20140214	4.90710434E8,2.63261899E8
20140215	2.55393179E8,1.21463693E8
20140216	3.31324628E8,1.83057224E8
20140217	7.0611806E8,4.05809267E8
20140218	5.93563145E8,2.71125324E8
20140219	4.08367966E8,3.23990451E8
20140220	4.78925191E8,2.3085541E8
20140221	3.53981687E8,1.78914448E8
20140222	2.82022706E8,1.34735118E8
20140223	3.37053711E8,1.95214052E8
20140224	6.56317045E8,4.73470156E8
20140225	5.63505889E8,2.99155352E8
20140226	6.80801145E8,2.84819682E8
20140227	6.72909288E8,4.92786036E8
20140228	4.28721754E8,3.22030204E8
20140301	3.6286558E8,2.11279011E8
20140302	2.7620223E8,2.46199417E8
20140303	5.05305862E8,5.1301736E8
20140304	5.2414634E8,2.50562978E8
20140305	4.54295491E8,2.09072753E8
20140306	5.6178777E8,2.43149884E8
20140307	3.80139779E8,2.9108722E8
20140308	2.43274169E8,1.40323202E8
20140309	2.44752519E8,2.06312503E8
20140310	4.97338076E8,3.08040624E8
20140311	4.30500816E8,4.96039886E8
20140312	3.77007897E8,4.16491268E8
20140313	3.4628691E8,3.16973542E8
20140314	3.15897431E8,3.11575572E8
20140315	2.87407002E8,2.42799048E8
20140316	2.69387391E8,3.90584547E8
20140317	3.39008082E8,4.40624592E8
20140318	4.35479117E8,4.10240726E8
20140319	3.59014064E8,4.29298917E8
20140320	3.65011495E8,3.3607638E8
20140321	2.82351818E8,2.59655286E8
20140322	1.91700135E8,1.38039412E8
20140323	1.67456369E8,1.86443311E8
20140324	3.13180334E8,4.37825259E8
20140325	3.14345006E8,3.12710515E8
20140326	2.72935544E8,4.50254233E8
20140327	2.66231082E8,3.59071642E8
20140328	2.25966355E8,4.05443946E8
20140329	1.60250985E8,1.55006056E8
20140330	2.05533934E8,2.64714811E8
20140331	3.98884905E8,4.23852634E8
20140401	4.53320585E8,2.77429358E8
20140402	3.55347118E8,2.72612066E8
20140403	3.6387712E8,2.66605457E8
20140404	2.51895894E8,2.00192637E8
20140405	2.02336542E8,1.63199682E8
20140406	1.29477254E8,1.39576683E8
20140407	1.96936223E8,1.76966561E8
20140408	3.54770149E8,2.50015131E8
20140409	3.83347565E8,2.89330278E8
20140410	3.8656746E8,2.86914864E8
20140411	2.37829882E8,2.77077434E8
20140412	1.77642053E8,1.2329532E8
20140413	2.08172985E8,1.78934722E8
20140414	3.09853269E8,4.15986984E8
20140415	4.28681231E8,2.85293076E8
20140416	3.87847838E8,2.5591464E8
20140417	3.55792647E8,2.65341592E8
20140418	2.39300383E8,2.25952909E8
20140419	2.68729366E8,1.4637494E8
20140420	1.91259529E8,1.61057781E8
20140421	3.01134667E8,2.95635256E8
20140422	2.85248757E8,2.68810141E8
20140423	3.13677307E8,2.78470936E8
20140424	3.18358891E8,2.24536754E8
20140425	2.20927432E8,2.27764292E8
20140426	1.51625415E8,1.58122962E8
20140427	1.46837951E8,1.91915377E8
20140428	3.24937272E8,3.27724735E8
20140429	3.30607104E8,3.07578349E8
20140430	2.6009133E8,2.81835975E8
20140501	1.93045106E8,1.43362755E8
20140502	1.25336258E8,1.21222064E8
20140503	1.85094488E8,1.99568043E8
20140504	3.03087562E8,4.13222034E8
20140505	3.70924149E8,3.09330781E8
20140506	3.18002728E8,3.41108696E8
20140507	4.17327518E8,2.39372999E8
20140508	3.92838756E8,2.73187499E8
20140509	2.81479009E8,2.47743971E8
20140510	2.87240171E8,1.47248328E8
20140511	1.82424063E8,1.52945581E8
20140512	3.25108597E8,2.93952908E8
20140513	2.75241493E8,2.57918375E8
20140514	3.05474522E8,3.16225442E8
20140515	3.13367089E8,2.38307643E8
20140516	2.31967423E8,2.82094916E8
20140517	1.70983868E8,1.45854372E8
20140518	1.64419642E8,1.53440019E8
20140519	2.5907793E8,2.93791406E8
20140520	4.53955303E8,2.6004072E8
20140521	2.97799722E8,2.50223726E8
20140522	3.44636549E8,2.51108485E8
20140523	2.49546195E8,2.29000787E8
20140524	1.60073254E8,1.54409868E8
20140525	1.66943526E8,2.31004758E8
20140526	3.44890868E8,2.74707572E8
20140527	2.99049555E8,3.21965845E8
20140528	2.76134813E8,4.15891684E8
20140529	3.20549863E8,3.138278E8
20140530	2.26547701E8,3.12802179E8
20140531	1.46823669E8,1.42862063E8
20140601	1.83489775E8,1.49829253E8
20140602	1.58219402E8,1.70409506E8
20140603	2.70887462E8,3.85622582E8
20140604	2.74460744E8,3.03978838E8
20140605	3.80042567E8,3.55645445E8
20140606	3.014139E8,2.74862067E8
20140607	1.87801995E8,1.46203577E8
20140608	3.02171269E8,1.69525332E8
20140609	3.66114374E8,2.87520152E8
20140610	3.54031597E8,2.98190025E8
20140611	3.27661453E8,2.4612754E8
20140612	3.32365185E8,2.36467885E8
20140613	2.1692377E8,3.8679904E8
20140614	1.8157453E8,2.29916191E8
20140615	1.66080126E8,1.16623756E8
20140616	3.87308484E8,4.92349489E8
20140617	2.70350693E8,5.02560223E8
20140618	3.35262709E8,4.2192023E8
20140619	3.38609087E8,2.8495626E8
20140620	2.5158253E8,2.86583065E8
20140621	1.77999186E8,2.31003775E8
20140622	1.47180819E8,3.61285652E8
20140623	2.3222767E8,3.73779624E8
20140624	2.45450766E8,4.28471509E8
20140625	2.64663201E8,5.47295931E8
20140626	2.97628039E8,4.18742109E8
20140627	2.64282703E8,3.99444352E8
20140628	1.53826161E8,2.83400236E8
20140629	1.5880154E8,2.61170799E8
20140630	3.34054112E8,4.56547794E8
20140701	3.84428753E8,3.74164541E8
20140702	3.84555819E8,3.28950951E8
20140703	2.97894643E8,2.8900978E8
20140704	2.11649838E8,2.6449455E8
20140705	1.69383796E8,2.72535138E8
20140706	1.99569025E8,1.95530758E8
20140707	2.72182847E8,3.17612569E8
20140708	2.24240103E8,3.40453063E8
20140709	2.78005555E8,2.69642881E8
20140710	2.83095921E8,3.2600924E8
20140711	2.08671021E8,2.40050748E8
20140712	1.77644343E8,1.49081488E8
20140713	1.79759885E8,1.9945999E8
20140714	2.54797524E8,2.84753279E8
20140715	3.34810012E8,2.61722182E8
20140716	3.9489014E8,2.34775948E8
20140717	2.5301128E8,2.98279385E8
20140718	2.08959595E8,2.08671287E8
20140719	2.10318023E8,1.55464283E8
20140720	1.76449304E8,1.74462836E8
20140721	3.78088594E8,4.34191479E8
20140722	2.43084133E8,3.69043423E8
20140723	2.65461894E8,3.08353077E8
20140724	2.7704448E8,3.47622431E8
20140725	1.81641088E8,2.62874791E8
20140726	1.28268053E8,2.82653341E8
20140727	1.51406251E8,1.66610652E8
20140728	3.71762756E8,3.45986909E8
20140729	2.28093046E8,3.03480103E8
20140730	2.09917272E8,2.50117716E8
20140731	1.91728916E8,2.77194379E8
20140801	3.74884735E8,2.52540858E8
20140802	1.8909213E8,1.72250225E8
20140803	1.73825397E8,1.27125217E8
20140804	3.30640884E8,3.22907524E8
20140805	3.9478087E8,2.21706539E8
20140806	2.88821016E8,2.82346594E8
20140807	2.47646474E8,2.53659514E8
20140808	2.33903717E8,3.11648757E8
20140809	1.60262764E8,1.63611708E8
20140810	2.5953487E8,1.89909225E8
20140811	3.31550471E8,4.18603336E8
20140812	2.58493673E8,3.09754858E8
20140813	2.61506619E8,3.03975517E8
20140814	2.5770266E8,2.11939431E8
20140815	2.4455162E8,2.36516007E8
20140816	2.15059736E8,2.19214339E8
20140817	1.49978271E8,1.39564084E8
20140818	2.98499146E8,2.59169016E8
20140819	2.66401973E8,2.54929877E8
20140820	3.08378692E8,2.02452782E8
20140821	2.51763517E8,2.19963356E8
20140822	2.46316056E8,1.79349206E8
20140823	1.41412027E8,1.99377531E8
20140824	1.30195484E8,1.91080151E8
20140825	3.09574223E8,3.12413411E8
20140826	3.06945089E8,2.85478563E8
20140827	3.02194801E8,4.68164147E8
20140828	2.45082751E8,2.97893861E8
20140829	2.67554713E8,2.7375638E8
20140830	1.99708772E8,1.96374134E8
20140831	2.75090213E8,2.92943033E8
